
Açores "9[5-9]"
===============
 9500
 9545
 9555
 9560
 9580
 9600
 9625
 9630
 9650
 9675
 9680
 9700
 9760
 9800
 9850
 9875
 9880
 9900
 9930
 9940
 9950
 9960
 9970
 9980

Aveiro "(305|3[78]|45[02-5])"
=============================
 3050
 3700
 3720
 3730
 3740
 3750
 3770
 3780
 3800
 3810
 3830
 3840
 3850
 3860
 3865
 3870
 3880
 3885
 4500
 4505
 4520
 4525
 4535
 4540
 4550

Beja "(723|7[6-9])"
===================
 7230
 7600
 7630
 7645
 7665
 7670
 7700
 7750
 7780
 7800
 7830
 7860
 7875
 7885
 7900
 7920
 7940
 7960

Braga ""
========
 4615
 4620
 4700
 4705
 4709
 4710
 4715
 4720
 4730
 4740
 4750
 4755
 4760
 4765
 4770
 4775
 4800
 4805
 4809
 4810
 4815
 4820
 4830
 4835
 4840
 4845
 4850
 4860
 4890
 4905

Bragança "5[23]"
================
 5140
 5160
 5180
 5200
 5210
 5225
 5230
 5300
 5301
 5320
 5335
 5340
 5350
 5360
 5370
 5385

Castelo Branco "60"
===================
 6000
 6005
 6030
 6060
 6090
 6100
 6110
 6150
 6160
 6185
 6200
 6215
 6225
 6230
 6250
 6320

Coimbra "3[03]"
============
 3000
 3004
 3020
 3025
 3030
 3040
 3045
 3060
 3070
 3080
 3090
 3130
 3140
 3150
 3200
 3220
 3230
 3300
 3305
 3320
 3330
 3350
 3360
 3400
 3405
 3420
 6285

Évora "7[0-2]"
==============
 2965
 7000
 7004
 7005
 7040
 7050
 7080
 7090
 7100
 7150
 7160
 7170
 7200
 7220
 7240
 7250
 7490

Faro "8[0-9]"
=============
 8000
 8005
 8100
 8125
 8135
 8150
 8200
 8300
 8365
 8375
 8400
 8500
 8550
 8600
 8650
 8670
 8700
 8800
 8900
 8950
 8970

Guarda "6[34]"
==============
 3570
 3640
 5150
 5155
 6250
 6260
 6270
 6285
 6290
 6300
 6301
 6320
 6324
 6350
 6355
 6360
 6370
 6400
 6420
 6430
 6440

Leiria "24"
===========
 2400
 2404
 2405
 2410
 2415
 2420
 2425
 2430
 2440
 2445
 2450
 2460
 2475
 2480
 2485
 2495
 2500
 2510
 2520
 2525
 2540
 3100
 3105
 3240
 3250
 3260
 3270
 3280

Lisboa "(1[0-9]|2[67])"
=======================
 1000
 1070
 1100
 1149
 1150
 1170
 1200
 1249
 1250
 1300
 1350
 1400
 1449
 1495
 1500
 1600
 1675
 1685
 1700
 1750
 1800
 1885
 1900
 1950
 2050
 2065
 2530
 2550
 2560
 2565
 2580
 2590
 2600
 2605
 2610
 2614
 2615
 2620
 2625
 2630
 2635
 2640
 2650
 2655
 2660
 2665
 2670
 2675
 2680
 2685
 2690
 2695
 2700
 2705
 2710
 2715
 2720
 2725
 2730
 2735
 2740
 2745
 2750
 2755
 2760
 2765
 2770
 2775
 2780
 2785
 2790
 2795

Madeira "9[0-4]"
================
 9000
 9020
 9030
 9050
 9060
 9100
 9125
 9135
 9200
 9225
 9230
 9240
 9270
 9300
 9325
 9350
 9360
 9370
 9385
 9400

Portalegre "7[34]"
==================
 6040
 6050
 7300
 7320
 7330
 7340
 7350
 7370
 7400
 7425
 7430
 7440
 7450
 7460
 7470
 7480

Porto "4[0-4]"
==============
 4000
 4050
 4100
 4150
 4200
 4250
 4350
 4400
 4405
 4410
 4415
 4420
 4425
 4430
 4435
 4440
 4445
 4450
 4455
 4460
 4465
 4470
 4475
 4480
 4485
 4490
 4495
 4510
 4515
 4560
 4570
 4575
 4580
 4585
 4590
 4595
 4600
 4605
 4610
 4615
 4620
 4625
 4630
 4635
 4640
 4650
 4745
 4780
 4785
 4795
 4815
 4825
 5040

Santarém "2[0-3]"
=================
 2000
 2005
 2025
 2040
 2070
 2080
 2090
 2100
 2120
 2125
 2130
 2135
 2140
 2150
 2200
 2205
 2230
 2240
 2250
 2260
 2300
 2305
 2330
 2350
 2380
 2384
 2395
 2435
 2490
 2495
 6120

Setúbal "(75|2[89])"
====================
 2800
 2805
 2810
 2815
 2820
 2825
 2830
 2835
 2840
 2845
 2855
 2860
 2865
 2870
 2890
 2900
 2910
 2925
 2950
 2955
 2965
 2970
 2975
 2985
 7500
 7520
 7540
 7555
 7565
 7570
 7580
 7595

Viana do Castelo "49"
=====================
 4900
 4905
 4910
 4920
 4925
 4930
 4935
 4940
 4950
 4960
 4970
 4980
 4990

Vila Real "5[04]"
=================
 4870
 4880
 5000
 5030
 5040
 5050
 5060
 5070
 5085
 5090
 5400
 5425
 5430
 5445
 5450
 5460
 5470

Viseu "3[56]"
=============
 3430
 3440
 3450
 3460
 3465
 3475
 3500
 3505
 3510
 3515
 3520
 3525
 3530
 3534
 3550
 3560
 3600
 3610
 3620
 3630
 3640
 3650
 3660
 3670
 3680
 4660
 4690
 5100
 5110
 5114
 5120
 5130
